30 -90 -60 -60
-60 -60 30 -90
-60 -60 -90 30
-90 30 -60 -60
-90 30 -60 90
-60 90 -90 30
-60 90 -30 120
-30 120 -60 90
-30 120 60 150
60 150 -30 120
60 150 150 120
150 120 60 150
150 120 90 90
90 90 150 120
90 90 60 60
60 60 90 90
60 60 30 60
30 60 60 60
30 60 60 30
60 30 30 60
60 30 120 60
120 60 60 30
120 60 210 30
210 30 120 60
210 30 240 -30
240 -30 210 30
240 -30 210 -60
210 -60 240 -30
210 -60 150 -60
150 -60 210 -60
150 -60 90 -30
90 -30 150 -60
90 -30 30 -90
30 -90 90 -30
30 60 90 90
90 90 30 60
90 -30 60 30
60 30 90 -30
30 60 -30 120
-30 120 30 60