57
-107.111 -2544.79
585.683 -2426.6
772.383 -2323.59
728.356 -2024.41
599.268 -1719.31
501.306 -1060.52
290.789 -1068.03
84.2537 -1791.43
267.077 -668.629
46.0342 -1322.17
115.172 -370.724
162.558 189.839
188.407 664.309
89.8398 -117.206
85.4978 -59.6836
32.801 28.0221
20.3818 -87.0339
-10.3429 -668.916
2.06628 -329.396
-24.9747 -814.513
-2.0699 33.1419
1.8442 530.073
-21.3996 131.598
-17.6695 343.754
-47.6442 -175.748
-46.137 447.656
-83.9815 -423.29
-95.3201 -1332.47
-97.9094 -46.8562
-99.5826 368.102
-136.879 355.881
-154.114 -225.868
-163.674 -418.096
-175.211 -120.239
-219.171 -729.47
-220.034 -798.15
-269.658 -181.698
-265.639 -441.173
-257.497 -577.921
-321.164 -289.105
-438.513 339.157
-335.392 -903.372
-372.668 -638.733
-464.425 -218.2
-464.384 -803.393
-652.782 -32.7306
-567.949 -427.349
-681.204 -195.968
-616.071 -570.802
-906.238 160.767
-800.323 -418.586
-1088.3 181.38
-735.028 -876.999
-984.451 -408.854
-984.741 -815.44
-642.575 -1904.29
-519.394 -2322.04